xcenter = 6951.638167941973
ycenter = 6805.55583133058
factor0 = 1.0000563685949293
factor1 = 5.1999650890096926e-08
factor2 = 1.8417541998595364e-10
factor3 = 5.45986784232327e-15
factor4 = -2.1333827389643556e-19
