xcenter = 6949.390402357434
ycenter = 6799.565323004881
factor0 = 0.999978254090893
factor1 = 1.5384841150552535e-07
factor2 = 1.386064479018541e-10
factor3 = 1.1759810447428201e-14
factor4 = -4.680893322740188e-19
