xcenter = 7082.229156027336
ycenter = 5335.274544337901
factor0 = 1.0009628409401654
factor1 = -1.1392111717517432e-06
factor2 = 5.773137824935451e-10
factor3 = -3.473861422897142e-14
factor4 = 9.992897878691169e-19
